01000
02000
03000
04000
05000
06000
07000
08000
09000
10000
11000
12000
13000
14000
15000
16000
20000
20300
20310
20330
20340
20350
20363
20400
20460
20500
20600
20663
20700
20800
20900
21000
21400
21600
22000
22700
22750
22910
23000
23400
23600
23880
23900
24000
24100
24200
24300
24330
24350
24400
24460
24500
24600
24640
24660
24700
24800
24900
25000
25350
25400
25420
25470
25500
25540
25570
25600
25700
25800
25830
25870
25900
25950
26000
26170
26200
26340
26400
26450
26500
26530
26600
26640
26670
26700
26800
26950
27000
27440
27480
27500
27550
27600
27640
27700
27750
27800
27900
27940
27980
28000
28100
28200
28300
28400
28450
28500
28600
28700
28750
28800
28900
28950
29000
29120
29130
29140
29150
29160
29190
29200
29320
29340
29350
29370
29380
29384
29386
29387
29390
29400
29410
29430
29440
29450
29470
29480
29490
29500
29510
29520
29540
29550
29560
29570
29580
29590
29600
29610
29620
29640
29650
29660
29670
29680
29690
29700
29710
29720
29730
29740
29750
29759
29760
29770
29780
29790
29800
29820
29827
29830
29840
29850
29860
29867
29870
29877
29880
29890
29900
29910
29920
29926
29935
29940
29950
29955
29957
29960
29970
29980
30000
30110
30120
30130
30140
30160
30170
30180
30185
30190
30200
30232
30315
30330
30340
30350
30360
30370
30380
30384
30390
30400
30430
30450
30470
30500
30520
30528
30533
30540
30560
30580
30590
30600
30620
30640
30650
30660
30680
30700
30840
30850
30860
30866
30880
30890
30900
30920
30930
30950
30960
30970
30980
30990
30995
30997
31000
31500
31620
31640
31650
31660
31680
31700
31820
31840
31850
31870
31880
31900
31920
31940
31960
31980
31990
32000
32740
32780
32800
32850
32880
32900
32950
32980
33000
33120
33130
33140
33150
33160
33170
33180
33200
33240
33260
33270
33280
33300
33320
33340
33360
33370
33380
33400
33420
33450
33470
33500
33530
33540
33550
33560
33580
33600
33620
33650
33670
33680
33700
33800
33920
33940
33960
33970
33990
34000
34400
34410
34440
34470
34480
34500
34540
34570
34600
34650
34670
34700
34740
34770
34800
34840
34890
34900
34940
34970
35000
35150
35200
35250
35300
35350
35400
35450
35500
35550
35600
35650
35700
35740
35760
35800
35880
35900
35950
36000
36100
36200
36220
36270
36300
36400
36440
36470
36500
36700
36800
36850
36890
36900
36960
36970
36990
37000
37600
37630
37650
37700
37800
37850
37880
37900
37920
37930
37940
37950
37960
37970
37980
38000
38160
38200
38240
38260
38300
38400
38470
38490
38500
38540
38590
38600
38700
38730
38790
38800
38900
38940
38970
38980
38990
39000
39130
39150
39170
39200
39230
39250
39270
39300
39940
39960
40000
40130
40160
40180
40200
40330
40360
40380
40400
40430
40460
40480
40500
40531
40560
40580
40600
40630
40660
40680
40700
40730
40760
40780
40800
40830
40860
40880
40900
40930
40960
40970
41000
41030
41060
41080
41100
41120
41130
41160
41180
41200
41240
41270
41300
41350
41380
41400
41410
41440
41470
41500
41530
41540
41570
41600
41640
41660
41670
41700
41740
41770
41800
41840
41870
41900
41920
41930
41940
41970
42000
42120
42130
42150
42160
42180
42190
42200
42220
42240
42260
42280
42300
42330
42360
42370
42380
42390
42400
42440
42470
42500
42620
42640
42660
42680
42700
42730
42750
42760
42780
42800
42852
42900
42920
42940
42950
42970
42980
43000
43020
43040
43050
43060
43070
43080
43090
43100
43120
43140
43150
43170
43190
43200
43230
43250
43270
43300
43330
43350
43380
43400
43420
43440
43460
43480
43500
43540
43560
43580
43600
43720
43740
43760
43780
43800
43830
43860
43880
43900
43930
43940
43960
43970
44100
45010
45250
45260
45300
45350
45380
45400
45430
45470
45480
45500
45640
45680
45700
45730
45750
45790
45800
45850
45880
45900
45950
45980
46000
46040
46100
46130
46170
46200
46240
46260
46300
46350
46400
46440
46470
46500
46540
46560
46600
46730
46760
46770
46800
46850
46900
46960
47000
47120
47140
47170
47180
47190
47196
47200
47250
47270
47300
47340
47360
47380
47400
47540
47570
47590
47600
47730
47750
47780
47900
47910
47930
47950
47980
48000
48050
48100
48150
48160
48200
48260
48400
48450
48500
48540
48570
48600
48640
48670
48700
48740
48760
48770
48800
48850
48900
48930
48950
48970
49000
49120
49170
49200
49230
49250
49300
49340
49370
49400
49430
49460
49500
49540
49570
49600
49650
49700
49750
49770
49800
49840
49870
49900
49950
49970
50000
50300
50360
50400
50450
50500
50550
50600
50640
50660
50680
50700
50740
50800
50850
50900
50960
51000
51030
51070
51100
51130
51160
51200
51260
51300
51350
51400
51440
51470
51500
51550
51600
51670
51700
51760
51800
51860
51900
51950
51980
52000
52060
52080
52100
52140
52180
52200
52240
52280
52300
52360
52370
52400
52440
52480
52500
52540
52570
52600
52680
52700
52740
52760
52900
53000
54000
54200
54240
54280
54300
54350
54400
54480
54539
54570
54600
54660
54680
54700
54770
54800
54880
54900
54960
55000
55600
55650
55660
55670
55700
55740
55780
55785
55790
55800
55850
55870
55900
55940
55970
55980
56000
56030
56050
56070
56100
56270
56300
56330
56370
56400
56530
56600
56610
56620
56650
56680
56700
56760
56780
56800
56860
56880
56900
56970
56990
57000
58000
58360
58400
58420
58440
58450
58460
58480
58500
58540
58550
58570
58600
58740
58760
58780
58800
58820
58840
58860
58870
58880
58900
58920
58930
58970
58980
59000
59120
59140
59160
59180
59200
59230
59250
59280
59300
59430
59440
59460
59470
59500
59510
59550
59580
59600
59730
59750
59780
59800
59920
59940
59960
59980
60000
60240
60250
60270
60280
60290
60300
60440
60460
60490
60500
60540
60570
60600
60760
60800
60820
60840
60870
60900
60920
60950
61000
61020
61060
61100
61250
61280
61290
61300
61330
61370
61400
61410
61420
61450
61470
61500
61540
61570
61590
61600
61630
61640
61650
61680
61700
61710
61730
61750
61760
61800
61830
61850
61880
61900
61920
61940
61980
62000
62510
62520
62530
62540
62550
62580
62600
62606
62607
62610
62620
62630
62640
62660
62680
62690
62700
62730
62740
62760
62770
62780
62790
62800
62810
62820
62830
62840
62850
62870
62890
62900
62920
62930
62950
62970
62980
63000
63200
63300
63400
63440
63480
63500
63530
63550
63580
63600
63630
63660
63700
63726
63740
63780
63800
63830
63880
63900
63940
63960
64000
65000
65070
65100
65150
65200
65350
65400
65450
65500
65550
65600
65650
65700
65750
65800
65850
65900
65950
66000
66050
66100
66200
66350
66400
66550
66600
66650
66700
66750
66800
66850
66900
66950
67000
67050
67100
67250
67300
67350
67400
67451
67500
67650
67700
67830
67850
67880
67900
67940
67960
67980
68000
68200
68204
68207
68210
68213
68217
68220
68224
68226
68230
68234
68237
68240
68244
68247
68250
68254
68256
68258
68260
68263
68266
68268
68270
68274
68285
68287
68290
68293
68297
68300
68400
68407
68410
68420
68430
68435
68440
68450
68456
68460
68465
68470
68480
68490
68500
68510
68515
68518
68520
68524
68527
68530
68535
68540
68544
68547
68550
68553
68555
68557
68560
68565
68570
68575
68577
68580
68585
68590
68595
68600
68610
68614
68617
68620
68624
68627
68630
68635
68640
68645
68650
68655
68660
68665
68670
68675
68680
68685
68691
68700
68704
68707
68710
68715
68720
68725
68730
68734
68737
68740
68745
68748
68750
68754
68757
68760
68764
68767
68770
68774
68778
68780
68785
68790
68795
68800
68805
68810
68814
68817
68820
68824
68827
68830
68834
68837
68840
68844
68847
68850
68854
68857
68860
68866
68870
68875
68880
68885
68890
68895
68900
68920
68940
68960
68980
68990
69000
69010
69020
69030
69040
69045
69050
69055
69060
69064
69065
69070
69080
69090
69100
69110
69120
69130
69140
69150
69160
69170
69180
69190
69200
69210
69220
69230
69235
69240
69250
69260
69265
69270
69280
69287
69290
69296
69300
69310
69320
69330
69340
69345
69350
69355
69360
69370
69375
69380
69390
69400
69420
69430
69440
69450
69460
69470
69480
69490
69500
69507
69510
69516
69520
69526
69530
69536
69540
69546
69550
69556
69560
69565
69570
69574
69577
69580
69585
69590
69595
69600
69610
69615
69620
69625
69630
69640
69651
69660
69665
69670
69675
69680
69685
69690
69695
69700
69730
69740
69760
69770
69780
69790
69800
69807
69810
69815
69820
69824
69827
69830
69834
69837
69840
69845
69848
69850
69855
69860
69865
69870
69875
69880
69885
69890
69895
69900
69910
69915
69920
69925
69930
69935
69940
69946
69950
69955
69960
69970
69980
69990
69995
70000
70110
70117
70120
70125
70130
70137
70140
70146
70150
70155
70160
70170
70175
70180
70190
70200
70206
70210
70230
70250
70261
70265
70270
70276
70280
70283
70286
70288
70290
70293
70296
70298
70300
70330
70350
70360
70370
70380
70400
70407
70410
70417
70420
70424
70426
70428
70430
70440
70446
70450
70453
70456
70458
70460
70464
70467
70470
70474
70477
70480
70486
70490
70495
70500
70520
70530
70540
70546
70550
70560
70570
70580
70586
70590
70595
70600
70705
70710
70716
70720
70725
70730
70735
70740
70746
70750
70755
70760
70770
70777
70780
70786
70790
70795
70800
70806
70808
70810
70813
70816
70818
70820
70823
70826
70828
70830
70833
70835
70838
70839
70840
70843
70850
70855
70860
70866
70868
70870
70874
70877
70880
70884
70887
70890
70894
70897
70900
70906
70910
70920
70930
70934
70940
70944
70950
70960
70966
70970
70980
70990
71000
71030
71040
71050
71070
71080
71091
71100
71110
71120
71125
71130
71136
71140
71146
71150
71156
71160
71170
71176
71180
71190
71200
71210
71214
71218
71220
71224
71226
71230
71240
71246
71250
71260
71265
71270
71275
71280
71284
71290
71294
71297
71300
71305
71310
71320
71326
71330
71336
71340
71344
71347
71350
71355
71360
71365
71370
71375
71380
71385
71390
71395
71400
71410
71430
71440
71450
71460
71470
71480
71490
71500
71506
71507
71508
71510
71516
71518
71520
71523
71525
71526
71529
71530
71534
71537
71540
71543
71545
71548
71550
71554
71557
71560
71562
71565
71567
71570
71575
71580
71586
71588
71590
71595
71600
71610
71620
71630
71640
71650
71655
71660
71670
71680
71686
71690
71700
71710
71720
71730
71740
71750
71760
71764
71770
71780
71784
71790
71800
71850
71870
71890
71900
71920
71930
71940
71950
71960
71970
71980
72000
72600
72620
72640
72670
72700
72750
72803
72850
72900
72980
73000
73020
73030
73050
73060
73070
73080
73100
73120
73140
73160
73180
73200
73220
73240
73260
73280
73298
73310
73320
73330
73340
73350
73360
73370
73380
73390
73400
73410
73420
73430
73440
73450
73460
73470
73480
73490
73500
73510
73520
73530
73540
73550
73560
73570
73580
73590
73600
73620
73640
73660
73680
73700
73720
73740
73760
73780
73800
73900
73910
73920
73930
73940
73950
73960
73970
73980
73990
74000
74100
74110
74120
74130
74140
74150
74160
74170
74180
74190
74200
74300
74310
74320
74330
74340
74350
74360
74370
74380
74390
74400
74500
74510
74520
74530
74540
74550
74560
74570
74580
74590
74600
74610
74620
74630
74640
74650
74660
74670
74680
74690
74700
74710
74720
74730
74740
74750
74760
74770
74780
74790
74800
74810
74820
74830
74840
74850
74860
74870
74880
74890
74900
74910
74920
74930
74940
74950
74960
74970
74980
74990
75000
75010
75020
75030
75040
75050
75060
75070
75080
75090
75100
75110
75120
75130
75140
75150
75160
75170
75180
75190
75200
75220
75240
75260
75280
75300
75320
75340
75360
75380
75400
75420
75440
75460
75480
75500
75520
75540
75560
75580
75600
75610
75620
75630
75640
75650
75660
75670
75680
75690
75700
75800
75810
75820
75830
75840
75853
75860
75870
75880
75890
75900
75910
75920
75930
75940
75950
75960
75970
75980
75990
76000
76240
76270
76300
76340
76360
76400
76450
76500
76550
76600
76650
76700
76750
76800
76850
76900
76950
77000
77100
77300
77400
77500
77580
77600
77710
77760
77800
77900
77950
78000
78430
78440
78450
78460
78490
78500
78520
78540
78570
78600
78630
78660
78700
78830
78840
78870
78900
78920
78940
78960
78980
79000
79100
79200
79230
79290
79300
79320
79360
79380
79400
79450
79480
79500
79540
79560
79590
79600
79650
79680
79702
79740
79760
79780
79790
79800
79810
79820
79830
79840
79850
79860
79880
79900
79930
79940
79950
79960
79970
79980
80000
80320
80380
80500
80700
80800
81000
81200
81400
81600
81700
81800
81900
82000
82400
82600
82700
82800
82900
83000
83360
83380
83400
83550
83570
83600
83750
83800
83820
83840
83860
83900
83930
83960
84000
84120
84140
84160
84180
84200
84320
84340
84360
84380
84400
84440
84460
84480
84500
84530
84560
84580
84600
84620
84640
84660
84680
84700
84730
84750
84770
84800
84860
84880
84900
84920
84940
84960
84980
85000
85220
85240
85260
85280
85290
85300
85400
85514
85520
85540
85560
85580
85600
85620
85640
85660
85680
85700
85720
85740
85760
85780
85800
85900
86000
86200
86220
86250
86300
86400
86460
86600
86630
86680
86700
86750
86770
86800
86830
86870
86900
86930
86980
87000
87200
87230
87250
87260
87300
87500
87540
87600
87640
87660
87670
87700
87730
87760
87780
87800
87860
87880
87900
87930
87950
87960
87970
87980
88000
88300
88350
88370
88390
88400
88440
88500
88800
88850
88880
88890
88900
89000
89400
89600
89670
89700
89750
89780
89800
89960
89970
90000
90120
90135
90140
90160
90180
90193
90195
90200
90230
90235
90240
90250
90280
90290
90300
90410
90420
90430
90440
90445
90450
90460
90480
90490
90495
90500
90540
90545
90547
90550
90560
90570
90580
90590
90600
90620
90640
90660
90670
90700
90710
90725
90730
90735
90738
90740
90760
90770
90780
90790
90800
90830
90843
90850
90860
90867
90870
90880
90890
91000
91230
91240
91250
91260
91270
91300
91315
91320
91330
91340
91350
91360
91370
91380
91400
91410
91420
91430
91440
91460
91480
91500
91615
91620
91630
91645
91650
91660
91670
91680
91690
92000
92030
92040
92060
92080
92100
92130
92150
92170
92200
92230
92270
92300
92400
92410
92420
92430
92470
92500
92530
92540
92560
92600
92620
92630
92640
92650
92660
92670
92680
92700
92730
92770
92900
92940
92970
93000
93040
93060
93080
93100
93120
93140
93160
93180
93210
93400
93550
93570
93600
93620
93633
93650
93660
93680
93700
93740
93760
93780
93800
93820
93860
93880
93900
93950
93960
93990
94000
94020
94030
94050
94060
94080
94100
94120
94130
94140
94150
94160
94170
94180
94190
94200
94220
94230
94240
94250
94260
94270
94285
94300
94410
94420
94430
94440
94450
94466
94480
94700
94720
94730
94740
94750
94760
94770
94780
94800
94810
94820
94830
94840
94850
94860
94870
94880
94890
94900
94910
94920
94930
94940
94960
94970
94980
94990
95000
95030
95040
95060
95070
95080
95100
95220
95240
95250
95280
95300
95330
95350
95390
95430
95440
95450
95460
95480
95500
95520
95540
95560
95580
95600
95630
95640
95670
95700
95830
95840
95850
95870
95900
95930
95950
95960
95980
96000
96120
96150
96160
96170
96180
96200
96320
96330
96342
96360
96365
96370
96380
96390
96400
96600
96700
96930
96950
96980
96997
97000
97320
97340
97343
97345
97348
97350
97357
97360
97364
97367
97370
97377
97380
97386
97390
97400
97404
97407
97410
97420
97425
97430
97450
97454
97457
97460
97466
97470
97480
97490
97500
97510
97520
97524
97527
97530
97535
97540
97560
97566
97570
97577
97580
97587
97590
97600
97606
97610
97616
97620
97630
97640
97646
97650
97655
97660
97670
97676
97680
97690
97700
97720
97730
97740
97745
97750
97758
97760
97762
97764
97766
97768
97770
97780
97796
97800
97810
97813
97816
97818
97820
97825
97830
97840
97845
97850
97854
97857
97860
97880
97890
97900
97904
97908
97910
97915
97920
97930
97940
97945
97950
97955
97960
97970
97990
98000
98100
98140
98160
98200
98220
98230
98290
98300
98330
98350
98400
98430
98480
98500
98530
98560
98600
98640
98650
98660
98680
98700
98730
98770
98800
98840
98880
98900
98920
98980
99000
99100
99130
99150
99200
99260
99280
99300
99400
99440
99480
99500
99570
99590
99600
99630
99670
99700
99720
99730
99750
99780
99800
99820
99830
99860
99900
99920
99940
99960
99980
